528196
408646
520840
474460
1046848
1046827
1046834
1046727
900253
USI/SMCO/10YR/V
USI/SMCO/HWREP
822531
822582
807095
805513
820776
812692
816655
822736
822760
876643
856482
804792
802623
822647
820945
830410
845876
845892
845884
832359
892333
830380
830402
842567
846201
810436
846155
846112
846147
846090
846082
846058
5012870
3536984
822779
842656
842648
846260
846252
846244
830488
813784
800563
800561
800743
41-1636
41-1631
546941
TV-151566
3009933
5006560
1089-0721
516561
3012167
48-59-2847
3491636
TV-155748
1089-0572
3010671
3003448
3003451
6014425
6014429
6014426
3003466
3003463
3003467
3003458
3003447
3003457
3003445
3003462
CPCK-10
3003454
3003455
3003461
3003446
3003460
650274
702062
