TV-218061
TV-218062
TV-164550
544418
501712
544825
TV-164568
501879
TV-205038
TV-137382
529270
501220
520233
501887
FA1-0007-43C
FA1-0007-06C
FA1-0007-82B
FA1-0007-17
TV-164521
VU2531U2
529141
TV-179981
TV-136382
TV-100249
612395
PAU1
CZHD20
612386
EDV-1200
PAU16
TV-329287
TV-179978
TV-106098
529141
3PFD22
TV-100246
TV-236422
TV-225072
400559
TV-157123
440205
RTH20B-N
400435
446869
465384
458791
458805
4169595
400647
36503
458848
459038
459054
040004
459135
459143
436512
458864
458880
458902
458929
458945
458961
460613
472778
472778
440160
436530
501313
523183
440179
C-E-090-22C
558302
543681
440188
438912
420158
437058
1500W6-R
432288
482471
413582
413573
414876
V-056IB
451166
451175
451157
432199
432202
432210
34-3006
439231
413494
402605
412279
507423
263516
285625
266447
264635
TV-224231
523838
463884
448419
463809
412287
441278
477547
34-3008
522606
522627
400903
34-3020
273333
427195
402591
413537
415707
413546
400905
